Madras 1 1959 Tamilnadu 112663 23750 6.8 12 198 21.48
Bombay 2 1958 Maharastra 119750 13000 5.8 1.7 210 25
Delhi 3 1961 Delhi 107800 8000 9.1 11 200 125
Kanpur 4 1959 UtterPradesh 112142 12175 21 15 206 120
Kharagpur 5 1951 WestBengal 148700 25100 65 5 240 19.36
Roorkee 6 2001 Uttarakhand 118480 16000 0 3.5 215 16.8
Guwahati 7 1995 Assam 111750 18120 22 5.5 250 17.77
Hydrabad 9 2008 Telengana 119000 28000 51.1 50 65.46 20.73
Varanasi 13 2012 UtterPradesh 120700 12000 24.6 10 205 18.5
Dhanbad 14 2016 Jharkhand 100000 15000 2.7 2.8 50 17
Indore 16 2009 MadhyaPradesh 128650 0 32 11.2 56 23.50 
Mandi 20 2009 HimachalPradesh 120350 12000 19.3 73.7 0 
Ropar 22 2008 Punjab 113650 0 44.8 40.8 50 18.8
Gandhinagar 23 2008 Gujarat 128500 15500 21.5 28 50 15.35
Jodhapur 30 2008 Rajasthan 118275 0 28 25.8 85.5 24.38
Patna 33 2008 Bihar 113300 14500 30 34.8 61.3 26.95
Bhubaneswar 36 2008 Odisa 141290 18000 35 24.5 44.1 18.95
Tirupati 56 2015 AndhraPradesh 112700 27750 9.1 11 69.45 15.54
Pallakad 68 2015 Kerala 112600 23150 35 35 120 13.93
Jammu 0 2016 JammuAndKashmir 115300 0 16.3 13 0 0
Dharwad 0 Karnataka 122876 13000 29.3 15 0 0
Bilai 0 Chhattisgarh 108000 33500 0 13 20 11.2
Goa`` 0 2016 Goa 122876 13000 38 24 110 0